2553
8198
8094
2421
3719
5428
6361
3377
8765
5865
3545
9567
333
4837
2725
1976
1514
9231
1536
3370
5007
1117
1687
1101
9666
9253
2624
8974
4167
1546
5615
3323
4459
7605
406
9662
8970
9520
7770
5440
3077
626
7799
1196
2297
6637
5532
7208
1855
864
2704
5189
8786
5353
6780
4896
1613
2835
6202
3713
1734
100
3838
3127
179
2063
8974
9869
3119
7168
1899
990
9627
9033
4086
1561
5576
6251
1335
897
8291
2154
6804
8174
7571
8969
5823
1162
62
6314
4628
2423
5589
2242
685
5773
6036
6157
3174
2053
9624
6859
8360
7345
6039
5657
6090
8650
749
4095
436
1720
67
8114
9669
3282
2055
5725
8127
5193
2177
3153
5316
1184
6771
5290
5645
7849
1893
9839
5534
229
9819
967
3350
8973
624
7519
1599
405
1619
2887
109
3024
3168
8456
3580
4021
5422
263
6772
7133
6831
8912
5881
8882
1973
6178
5187
3625
3187
7724
3947
9138
7762
373
9652
3516
44
4021
323
1054
5698
2897
238
9479
3622
8151
712
3414
9448
3980
9874
9252
3520
2447
3209
4801
5270
7949
9642
2956
5476
900
6357
2454
7596
1579
9152
312
9481
9382
4217
9956
7185
9692
1448
6225
3277
481
9082
3464
3103
3393
4341
5718
3781
9573
5031
8708
2349
8752
2592
1681
1478
1234
7967
3498
3395
6335
7845
1428
5307
7569
308
2937
2439
4378
5745
525
8102
2599
997
7113
3655
1010
2132
4873
5106
9263
3996
3446
7239
3335
2747
4521
608
8178
926
8450
1523
3750
3345
5176
240
9725
6009
6125
7961
6340
9644
5910
8975
3586
4000
2711
276
8697
9018
4012
7361
2318
4241
15
1536
7034
8336
485
1028
8081
6530
2066
5484
4917
4895
2150
1020
4105
6947
2291
877
8493
9811
8837
4974
5005
4317
969
142
3554
5843
6652
1698
2551
464
5163
6133
2279
3995
765
4179
5988
9924
5884
3278
29
5878
3738
8567
8504
7286
9685
1906
5025
1194
7837
9164
3961
2808
4433
7039
6272
2282
2314
1975
474
9496
1479
5450
7574
142
9138
1829
9949
7293
8945
7253
7998
8827
3160
655
5192
2544
3375
848
1638
7652
5160
6899
8655
3407
9439
2467
2016
3101
8793
8668
9470
4375
9969
4160
9004
4866
4870
5608
7830
5560
1001
6460
8579
2932
8983
7068
8341
4919
9085
4557
8290
5104
933
6598
6441
4078
583
9239
3782
6917
6938
5292
4488
918
5158
6420
4220
8318
8109
9052
6615
4588
8223
1505
6982
4051
1154
7279
3964
1114
9531
7424
4451
7150
9804
3049
4384
255
7671
7593
8274
7458
7924
7313
3209
6788
2666
7597
8937
9586
7793
2147
4212
1871
1427
1901
996
7222
9521
602
2339
2651
3264
4352
6831
3214
99
3194
2315
793
5199
3784
4272
7323
3030
3566
9740
3077
9303
8499
5927
6085
2046
8363
3765
9735
6775
5927
605
1671
4861
8868
2944
8701
5998
6234
9637
9174
5465
4419
8388
6414
4304
1198
3496
4242
5910
168
792
8365
5655
2102
6515
5443
1078
4202
454
5037
8993
2975
111
8319
2402
1589
1890
1405
4460
7936
7311
502
9027
5349
7139
656
7228
3950
3981
9831
7374
6937
4356
5305
1170
2778
4571
9880
2589
1235
806
1358
7086
8409
2749
9797
7852
3620
1850
3691
2720
8769
9773
7891
35
9136
40
3317
4287
2990
5945
863
2661
6310
896
9685
1748
8025
3005
3101
9666
641
4501
3699
2544
915
7811
2953
5923
5328
4492
9602
1030
5475
173
5398
3012
9252
8552
6406
3328
4703
157
3014
1211
4753
7017
2008
9828
2695
2761
9670
1186
255
8678
5687
60
2356
261
3861
1358
5261
5411
7118
7162
7698
5122
1074
9411
7777
9694
2588
1694
2018
8803
7132
8945
6683
1660
1559
6979
5721
4311
6908
4713
4103
4744
9262
742
123
2852
5333
2450
5307
1560
3473
251
5969
7451
99
1762
6193
4086
6130
687
8005
8864
7994
3043
881
4774
2979
8980
9350
1650
9266
1901
4446
7672
6883
7827
1994
753
6926
7075
8365
1180
2983
7123
2181
1444
418
318
8675
6511
6352
2530
1985
7974
5568
9208
9404
8501
5338
3419
866
8789
5217
6394
6319
7821
6218
4894
3483
8662
7455
1218
8513
6235
7364
1143
2565
588
877
2213
7879
8975
3573
9832
8127
2799
8768
1456
9011
861
3708
9769
6820
8751
6636
4228
4575
5233
7344
6569
7692
428
1
9987
3667
7343
8561
3546
3176
7812
1854
3107
3237
6260
7555
7548
6560
9899
1717
4378
5073
1925
3232
1987
9762
5063
690
6727
3420
6441
2448
1753
7672
1166
9418
1154
752
1205
4061
7277
7865
8239
8396
1341
1744
3978
8454
7445
6965
9102
2506
7924
7985
2506
5698
3592
7466
5748
4215
5906
8462
3778
8017
9318
1269
1881
2350
1167
3367
537
4721
3331
8761
4423
5857
4580
1254
9133
267
5061
4692
9370
4456
4678
2090
5335
8613
5262
4658
9827
611
2373
1246
7184
9542
6335
8479
6586
9733
3685
1952
6506
5090
9587
9246
4095
8025
8972
6263
3178
6776
9171
9349
7171
9872
9627
7090
8745
6775
4914
7248
6306
9217
5726
6298
8509
8713
8775
1305
1921
1812
598
6450
3657
6231
2150
9439
409
7764
794
6212
7563
9999
3751
5920
7344
6312
2445
1966
2853
6340
298
9056
5672
7205
7457
666
8325
3112
4731
6106
9267
5640
5551
1481
7346
1040
9183
4169
4684
145
601
6266
1804
1139
2435
8356
6472
5336
2261
1388
8235
1402
4080
1041
3887
3955
6350
5955
5226
8417
125
8456
9375
5102
9978
3998
3672
2073
7255
3455
1651
8081
9879
612
4029
4021
5486
5688
8749
3774
4937
4635
7121
3059
1433
3028
8884
7947
6380
2882
7639
3096
6921
493
9477
3413
1618
3460
1909
1866
167
5487
7192
465
196
8245
4041
1053
9251
625
4351
7482
2847
7014
7062
990
125
7939
9560
6143
7118
8299
8132
5604
3843
771
2909
8135
5544
4497
9435
5758
297
2103
8590
2799
4849
1269
8872
1663
8131
657
304
7602
7146
3769
7124
7523
3104
8523
7268
5871
6626
4750
218
4081
9581
6619
1227
8681
7689
2075
9170
7210
2436
6765
7271
335
3017
5674
843
3250
9038
1664
3852
9324
2552
6501